      0/49    0.432G   0.01413   0.08175   0.05859         9       640    0.4366    0.3042    0.2609   0.03434   0.08239   0.01569   0.09867    0.0578
      1/49    0.893G   0.01367   0.07317   0.05703         9       640     0.527    0.3996    0.3948   0.06509    0.1421   0.01426   0.06759   0.05176
      2/49    0.893G   0.01332   0.06944   0.05608         9       640    0.6204    0.4353      0.44    0.1188    0.1774   0.01404   0.06361   0.05085
      3/49    0.893G   0.01283    0.0646   0.05421         9       640    0.7199    0.5179    0.5502    0.1767    0.2395   0.01295   0.05336   0.04732
      4/49    0.893G   0.01248   0.06099   0.05292         9       640    0.7012    0.4999    0.5503    0.1921     0.243   0.01274   0.05315    0.0472
      5/49    0.893G   0.01225   0.05923   0.05207         9       640    0.7258    0.5412    0.5863    0.1971    0.2562   0.01256    0.0523   0.04624
      6/49    0.893G   0.01204   0.05716   0.05148         9       640     0.753    0.5423    0.5874    0.2143    0.2658   0.01245   0.05029   0.04577
      7/49    0.893G     0.012   0.05641   0.05131         9       640    0.7468    0.5457    0.5866    0.2167    0.2669   0.01224    0.0503   0.04538
      8/49    0.893G   0.01183   0.05484   0.05088         9       640    0.7296    0.5529    0.5964    0.2194    0.2714   0.01244   0.04892   0.04617
      9/49    0.893G   0.01175   0.05478    0.0507         9       640    0.7572    0.5602     0.608    0.2252    0.2756   0.01216   0.04786   0.04545
     10/49    0.893G   0.01163   0.05336   0.05025         9       640    0.7445    0.5558    0.6115    0.2346    0.2826   0.01209   0.04764   0.04512
     11/49    0.893G   0.01162   0.05337   0.05025         9       640    0.7898    0.5681    0.6304    0.2406    0.2915   0.01201    0.0454   0.04439
     12/49    0.893G   0.01155   0.05233   0.04996         9       640    0.7851     0.571    0.6253    0.2323    0.2865   0.01203   0.04649   0.04441
     13/49    0.893G   0.01152   0.05203   0.04989         9       640    0.7764     0.567    0.6233    0.2456    0.2944   0.01185   0.04557   0.04413
     14/49    0.893G   0.01138   0.05101   0.04945         9       640    0.8008    0.5951     0.651    0.2576    0.3084   0.01156   0.04354   0.04298
     15/49    0.893G   0.01133    0.0508   0.04937         9       640    0.7961    0.5842      0.64    0.2356    0.2931   0.01176   0.04449   0.04368
     16/49    0.893G   0.01135   0.05047   0.04928         9       640    0.7646    0.6071     0.655    0.2416    0.3035   0.01167    0.0439   0.04316
     17/49    0.893G   0.01118   0.04958   0.04881         9       640    0.7994    0.6099    0.6666    0.2489    0.3084   0.01168   0.04231   0.04316
     18/49    0.893G   0.01118   0.04936   0.04881         9       640    0.7951    0.6002    0.6541    0.2524    0.3076   0.01161   0.04284   0.04296
     19/49    0.893G   0.01105   0.04805   0.04832         9       640    0.8069    0.6118    0.6665    0.2644    0.3154   0.01144   0.04193   0.04292
     20/49    0.893G   0.01106   0.04786   0.04838         9       640    0.8155    0.5998    0.6651    0.2505    0.3102   0.01143   0.04205   0.04305
     21/49    0.893G   0.01099   0.04762   0.04819         9       640    0.7904    0.6161    0.6648    0.2623    0.3145   0.01143   0.04147   0.04278
     22/49    0.893G   0.01089   0.04672   0.04787         9       640    0.8189    0.6248    0.6818    0.2785    0.3286   0.01116   0.04002    0.0421
     23/49    0.893G   0.01081   0.04602   0.04753         9       640    0.8146    0.6296    0.6823    0.2761    0.3273   0.01123   0.03972   0.04233
     24/49    0.893G   0.01075   0.04536   0.04734         9       640    0.7981    0.6386    0.6851    0.2845    0.3318   0.01109   0.03955   0.04221
     25/49    0.893G   0.01067   0.04438     0.047         9       640    0.8211    0.6441    0.6963    0.2916    0.3389   0.01111    0.0385   0.04214
     26/49    0.893G    0.0105   0.04386   0.04655         9       640    0.8246    0.6296    0.6886    0.2838    0.3342   0.01098   0.03872   0.04182
     27/49    0.893G   0.01049   0.04338   0.04654         9       640    0.8065    0.6597    0.7005    0.2974    0.3433   0.01088   0.03795   0.04171
     28/49    0.893G   0.01043   0.04322   0.04632         9       640    0.8293    0.6431    0.7008    0.2993     0.343   0.01092   0.03781   0.04173
     29/49    0.893G   0.01043   0.04331   0.04623         9       640     0.813    0.6617    0.7046    0.3017    0.3464   0.01083   0.03766   0.04158
     30/49    0.893G   0.01024   0.04192   0.04559         9       640    0.8485    0.6508    0.7178    0.3144    0.3564   0.01071   0.03682   0.04134
     31/49    0.893G   0.01012   0.04108   0.04532         9       640    0.8309    0.6679    0.7158    0.3122    0.3567   0.01076   0.03646   0.04117
     32/49    0.893G   0.01008   0.04077   0.04521         9       640     0.853    0.6574    0.7194    0.3162    0.3613   0.01062   0.03563   0.04109
     33/49    0.893G   0.01001   0.04031   0.04501         9       640    0.8344    0.6687      0.72    0.3153    0.3585   0.01074   0.03594   0.04132
     34/49    0.893G  0.009909   0.03974   0.04474         9       640    0.8453    0.6651     0.724    0.3271    0.3664   0.01053   0.03505    0.0408
     35/49    0.893G  0.009871   0.03921   0.04453         9       640    0.8603    0.6664    0.7311    0.3311    0.3707   0.01052   0.03481   0.04082
     36/49    0.893G   0.00971   0.03836   0.04407         9       640    0.8428    0.6789    0.7326     0.333    0.3699   0.01043   0.03424   0.04046
     37/49    0.893G  0.009606   0.03768   0.04375         9       640    0.8646    0.6709    0.7341    0.3285    0.3723   0.01044     0.034   0.04053
     38/49    0.893G  0.009573   0.03741   0.04365         9       640    0.8413    0.6869    0.7327    0.3321    0.3726   0.01035   0.03371    0.0402
     39/49    0.893G  0.009426   0.03652   0.04316         9       640    0.8149    0.6981     0.733    0.3379    0.3739   0.01033   0.03329    0.0402
     40/49    0.893G  0.009353   0.03581   0.04289         9       640    0.8511    0.6807    0.7352    0.3315    0.3723   0.01038   0.03336   0.04025
     41/49    0.893G  0.009338   0.03558   0.04282         9       640    0.8531    0.6813    0.7335    0.3456    0.3763   0.01036   0.03287   0.04043
     42/49    0.893G  0.009231    0.0352   0.04255         9       640    0.8489    0.6871     0.741     0.331    0.3758   0.01039   0.03315   0.04039
     43/49    0.893G  0.009149   0.03458   0.04231         9       640    0.8547     0.678    0.7347    0.3383    0.3735   0.01034     0.033   0.04042
     44/49    0.893G  0.009044   0.03393   0.04196         9       640    0.8553    0.6776    0.7369    0.3371    0.3751   0.01032   0.03252   0.04018
     45/49    0.893G  0.008958   0.03333   0.04172         9       640    0.8347    0.7029    0.7431    0.3399    0.3801   0.01028    0.0326    0.0401
     46/49    0.893G  0.008834   0.03283   0.04139         9       640    0.8282    0.7068    0.7441     0.341    0.3775   0.01033   0.03246   0.04032
     47/49    0.893G  0.008778   0.03239   0.04119         9       640    0.8592    0.6881    0.7415    0.3426    0.3775   0.01034   0.03219   0.04027
     48/49    0.893G  0.008674    0.0319    0.0409         9       640    0.8524    0.6885    0.7393    0.3444    0.3797   0.01033   0.03189   0.04026
     49/49    0.893G  0.008526   0.03106   0.04043         9       640    0.8383     0.707    0.7444    0.3458    0.3803   0.01028   0.03187   0.04027
