      0/49    0.744G   0.01797   0.08789   0.08362         7       640    0.4543    0.3937    0.3434   0.01412   0.09066   0.01635   0.07749   0.06755
      1/49     1.27G   0.01497   0.07572   0.07099         9       640    0.3838    0.3747    0.3199   0.03259    0.1011   0.01597   0.08368   0.06493
      2/49     1.27G   0.01422   0.07003   0.06724         7       640    0.5643    0.4494    0.4409   0.04503    0.1422   0.01488   0.06635   0.06115
      3/49     1.27G   0.01361    0.0662   0.06448         6       640    0.7201    0.5058    0.5518    0.1239    0.2161   0.01368   0.05898   0.05914
      4/49     1.27G   0.01313   0.06249   0.06268         7       640    0.7388    0.5056    0.5642    0.1462    0.2283   0.01314   0.05544   0.05634
      5/49     1.27G    0.0128   0.06055     0.062         8       640    0.7372    0.5701    0.6227    0.2026    0.2725   0.01252   0.05271   0.05368
      6/49     1.27G   0.01271   0.06003   0.06096         2       640    0.8203    0.5644    0.6437     0.217    0.2864    0.0125   0.04843   0.05446
      7/49     1.27G   0.01234   0.05678   0.05956        10       640    0.6755    0.5508    0.5789     0.182    0.2533   0.01262   0.05385   0.05454
      8/49     1.27G   0.01237   0.05653   0.05966        13       640    0.7405    0.5746    0.6281    0.2114    0.2756   0.01205   0.04995     0.053
      9/49     1.27G   0.01222   0.05594   0.05913         8       640    0.7865    0.5955    0.6685    0.2558     0.315   0.01176   0.04629   0.05251
     10/49     1.27G   0.01204   0.05503   0.05862        14       640    0.7702    0.5568    0.6176     0.196    0.2679   0.01239   0.04918   0.05336
     11/49     1.27G   0.01203   0.05433   0.05817         8       640    0.8226    0.5908    0.6677    0.2252     0.299   0.01171   0.04677   0.05122
     12/49     1.27G   0.01201    0.0543   0.05809        18       640     0.822    0.6205     0.691    0.2692    0.3287   0.01137   0.04445   0.05085
     13/49     1.27G   0.01189   0.05283   0.05733         9       640    0.8286     0.625    0.7005    0.2807    0.3336   0.01156   0.04388   0.05077
     14/49     1.27G   0.01173   0.05251     0.057         6       640    0.8052    0.6464    0.7035    0.2704    0.3312   0.01157   0.04353   0.05097
     15/49     1.27G   0.01175   0.05256   0.05704         6       640    0.8015    0.6408     0.694    0.2826    0.3357   0.01119   0.04304   0.05014
     16/49     1.27G   0.01166    0.0517   0.05636         7       640    0.8054    0.6344    0.6855    0.2566      0.32   0.01132   0.04368   0.04999
     17/49     1.27G   0.01163   0.05147   0.05644        10       640    0.7794    0.6407     0.701    0.2813    0.3363   0.01111     0.044   0.04907
     18/49     1.27G   0.01144   0.05052   0.05586         5       640    0.8449    0.6416    0.7151    0.3256    0.3617   0.01074   0.04145   0.04886
     19/49     1.27G   0.01132   0.05011   0.05535        11       640    0.8398     0.654    0.7281    0.3244    0.3637   0.01071   0.04075   0.04856
     20/49     1.27G   0.01129   0.04998   0.05532        14       640    0.8204    0.6565    0.7213    0.3178    0.3576   0.01079   0.04104   0.04811
     21/49     1.27G   0.01125   0.04887   0.05517        10       640    0.8157    0.6608    0.7198    0.3168    0.3615   0.01083   0.03969   0.04889
     22/49     1.27G   0.01111   0.04853    0.0545         7       640    0.8112    0.6475    0.7126    0.3081    0.3551   0.01052   0.04107   0.04737
     23/49     1.27G   0.01116   0.04848   0.05435         8       640    0.8278    0.6706    0.7399    0.3486    0.3799   0.01048   0.03858   0.04779
     24/49     1.27G   0.01113   0.04844   0.05456        10       640    0.8484    0.6547    0.7377    0.3413    0.3755   0.01051   0.03856   0.04704
     25/49     1.27G   0.01094   0.04719   0.05409         6       640    0.8539    0.6668     0.742    0.3443    0.3785   0.01031   0.03798   0.04692
     26/49     1.27G   0.01087    0.0468   0.05351         7       640    0.8258    0.6847    0.7466     0.362    0.3888   0.01008   0.03697   0.04584
     27/49     1.27G   0.01078   0.04619   0.05322         9       640    0.8445    0.6704    0.7491    0.3494    0.3868   0.01018   0.03734    0.0462
     28/49     1.27G   0.01079   0.04678    0.0533        14       640    0.8452    0.6601    0.7427    0.3505    0.3827   0.01019   0.03764   0.04629
     29/49     1.27G   0.01069   0.04572   0.05284         7       640    0.8211    0.7019     0.761    0.3733    0.4019   0.00996   0.03586   0.04567
     30/49     1.27G   0.01058   0.04482    0.0523         9       640     0.845    0.6889    0.7656    0.3877    0.4041  0.009971   0.03594   0.04556
     31/49     1.27G   0.01049   0.04406   0.05199         8       640     0.875    0.6777     0.773    0.3866    0.4094  0.009795   0.03502   0.04484
     32/49     1.27G   0.01045   0.04375   0.05212         3       640    0.8554    0.6966    0.7716    0.3909     0.412  0.009775   0.03416   0.04486
     33/49     1.27G   0.01041   0.04338   0.05194         8       640    0.8698    0.6899    0.7726    0.3952    0.4133  0.009638   0.03401   0.04467
     34/49     1.27G   0.01026   0.04313   0.05129        12       640    0.8694    0.7041    0.7736    0.3995    0.4197  0.009522   0.03364   0.04419
     35/49     1.27G   0.01025   0.04275   0.05134         8       640    0.8538     0.705    0.7785    0.3991    0.4212   0.00955   0.03291   0.04416
     36/49     1.27G   0.01013   0.04172   0.05108         7       640    0.8653    0.7192    0.7907    0.4175    0.4299  0.009358   0.03257   0.04374
     37/49     1.27G   0.01008   0.04156   0.05076        15       640    0.8494    0.7167    0.7874    0.4103    0.4264  0.009402   0.03266   0.04364
     38/49     1.27G   0.01001   0.04084   0.05051         9       640     0.871    0.7098    0.7898    0.4182    0.4318  0.009349   0.03161   0.04351
     39/49     1.27G   0.01002    0.0405   0.05058         3       640    0.8756    0.7262    0.8001    0.4233    0.4367  0.009285   0.03145   0.04344
     40/49     1.27G  0.009894   0.04021   0.05002         8       640     0.888    0.7175    0.8033    0.4291    0.4406  0.009215   0.03111   0.04315
     41/49     1.27G   0.00991   0.04011   0.05015         5       640    0.8627    0.7309    0.7964    0.4183    0.4343  0.009335   0.03094   0.04347
     42/49     1.27G  0.009751   0.03909   0.04963         5       640    0.8759    0.7299    0.8026    0.4194    0.4364  0.009268   0.03062   0.04323
     43/49     1.27G  0.009687   0.03878   0.04934         7       640    0.8667    0.7394    0.8076    0.4386    0.4476  0.009152   0.03012   0.04278
     44/49     1.27G  0.009658    0.0388   0.04942         4       640    0.8642    0.7456    0.8119    0.4412    0.4505  0.009078   0.02993   0.04261
     45/49     1.27G  0.009675   0.03839   0.04939         6       640    0.8842    0.7306    0.8104    0.4374    0.4466  0.009063   0.02969   0.04262
     46/49     1.27G  0.009577   0.03792   0.04887        11       640    0.8942    0.7388    0.8159    0.4452    0.4528  0.009011   0.02953   0.04244
     47/49     1.27G   0.00954   0.03748   0.04861        10       640     0.896    0.7418    0.8215    0.4493    0.4586  0.008955   0.02902   0.04243
     48/49     1.27G  0.009539   0.03784   0.04887        17       640    0.8683    0.7558    0.8193     0.443     0.456  0.008944   0.02894    0.0422
     49/49     1.27G  0.009588   0.03766   0.04904        11       640     0.882    0.7449    0.8159    0.4528    0.4567  0.008982   0.02898   0.04225
