      0/49    0.403G   0.01575    0.1004   0.06771         9       640    0.4595    0.2979    0.2823   0.02752   0.08676   0.01867    0.1003   0.06953
      1/49    0.872G   0.01521   0.09266   0.06506         9       640    0.5481    0.2812     0.233   0.02058   0.06925   0.01766    0.1597   0.06464
      2/49    0.872G   0.01494   0.08949   0.06345         9       640    0.6595    0.3813    0.4249   0.07546    0.1536   0.01559   0.07947   0.05881
      3/49    0.872G   0.01442   0.08464   0.06167         9       640    0.6831    0.3789    0.4226   0.08298    0.1567   0.01526    0.0812   0.05874
      4/49    0.872G   0.01403   0.08048   0.05991         9       640    0.6791    0.4429    0.4782    0.1315    0.1985   0.01469   0.07614   0.05668
      5/49    0.872G    0.0137     0.078   0.05883         9       640     0.681    0.4209    0.4666    0.1032    0.1818   0.01474   0.07589   0.05614
      6/49    0.872G   0.01358   0.07638   0.05831         9       640    0.6614     0.413    0.4654    0.1053    0.1798   0.01495   0.07623   0.05655
      7/49    0.872G   0.01349   0.07566   0.05813         9       640    0.6853    0.4415    0.4966    0.1305    0.2035   0.01401   0.07045   0.05425
      8/49    0.872G   0.01325   0.07356   0.05725         9       640    0.6439    0.4982    0.5155    0.1439    0.2163   0.01367   0.06526   0.05322
      9/49    0.872G   0.01323   0.07262   0.05707         9       640    0.6919    0.4889    0.5299    0.1467     0.223   0.01372   0.06494   0.05296
     10/49    0.872G   0.01312   0.07153   0.05666         9       640    0.7048     0.492    0.5418    0.1511    0.2253   0.01367   0.06459   0.05259
     11/49    0.872G   0.01305   0.07091   0.05639         9       640    0.6587    0.4801    0.5173    0.1382    0.2137   0.01388   0.06816   0.05313
     12/49    0.872G   0.01297   0.06965   0.05595         9       640    0.6584    0.5156    0.5535    0.1675    0.2375   0.01342   0.06264   0.05152
     13/49    0.872G   0.01287   0.06871   0.05564         9       640    0.7127    0.5238     0.564    0.1706    0.2405   0.01344   0.06155   0.05233
     14/49    0.872G   0.01278   0.06799   0.05544         9       640    0.7055    0.5318    0.5662    0.1747    0.2437   0.01315   0.06141   0.05025
     15/49    0.872G   0.01269    0.0671    0.0551         9       640    0.7241    0.5133    0.5731    0.1917    0.2527   0.01307   0.05843   0.05041
     16/49    0.872G   0.01263   0.06634   0.05477         9       640    0.7118    0.5094    0.5645    0.1872    0.2492   0.01317    0.0605   0.05061
     17/49    0.872G   0.01263   0.06589   0.05469         9       640    0.7221    0.5326    0.5922    0.2021    0.2639   0.01279   0.05695   0.04962
     18/49    0.872G    0.0124   0.06425   0.05395         9       640    0.7235    0.5444    0.5969    0.1983    0.2666    0.0129   0.05716   0.05003
     19/49    0.872G   0.01236   0.06384   0.05382         9       640    0.7329    0.5609    0.6116     0.224    0.2805   0.01252   0.05537   0.04897
     20/49    0.872G   0.01229   0.06316   0.05354         9       640    0.7355    0.5634    0.6132    0.2272    0.2826   0.01243    0.0549   0.04839
     21/49    0.872G   0.01217   0.06211   0.05319         9       640     0.752     0.571     0.624     0.218    0.2828   0.01244   0.05388   0.04864
     22/49    0.872G   0.01213   0.06159   0.05299         9       640      0.77    0.5743    0.6287     0.234    0.2917   0.01233   0.05443   0.04829
     23/49    0.872G   0.01201    0.0609   0.05267         9       640    0.7615    0.5775    0.6321    0.2466    0.2973   0.01242   0.05419   0.04886
     24/49    0.872G     0.012    0.0603   0.05255         9       640    0.7741    0.5797    0.6334    0.2348    0.2911    0.0122   0.05276   0.04799
     25/49    0.872G   0.01189   0.05913    0.0522         9       640    0.7835     0.581    0.6383    0.2377    0.2972    0.0122    0.0519   0.04784
     26/49    0.872G   0.01179   0.05836   0.05186         9       640    0.7768     0.584    0.6417    0.2424    0.2976   0.01216   0.05184   0.04781
     27/49    0.872G   0.01172   0.05769   0.05165         9       640    0.7654    0.5917    0.6502    0.2447    0.3004     0.012   0.05149    0.0472
     28/49    0.872G   0.01167   0.05703   0.05138         9       640    0.7783    0.5873    0.6528    0.2574    0.3074   0.01195   0.05045   0.04715
     29/49    0.872G   0.01152   0.05575   0.05089         9       640    0.7798    0.6022    0.6588    0.2633    0.3133   0.01185   0.04902   0.04673
     30/49    0.872G   0.01141   0.05475   0.05051         9       640     0.775    0.6062    0.6597    0.2607    0.3133   0.01185   0.04907     0.047
     31/49    0.872G   0.01129   0.05393   0.05018         9       640    0.7865    0.6026    0.6621    0.2629    0.3156   0.01175   0.04925   0.04646
     32/49    0.872G   0.01119   0.05328   0.04987         9       640      0.77    0.6264    0.6733    0.2613    0.3195   0.01177    0.0477   0.04646
     33/49    0.872G   0.01112   0.05255   0.04963         9       640    0.8289    0.5924    0.6785    0.2664    0.3224   0.01157   0.04681   0.04592
     34/49    0.872G   0.01105   0.05178   0.04941         9       640    0.8017    0.6162    0.6823    0.2718    0.3283   0.01161   0.04666   0.04619
     35/49    0.872G   0.01091   0.05074   0.04902         9       640    0.7981     0.621    0.6884     0.267     0.327    0.0116   0.04618   0.04597
     36/49    0.872G   0.01084   0.04994   0.04876         9       640    0.7966    0.6269    0.6875    0.2697    0.3278   0.01151   0.04574    0.0458
     37/49    0.872G   0.01081   0.04957   0.04862         9       640    0.8032    0.6263    0.6916    0.2763    0.3314   0.01153   0.04547   0.04595
     38/49    0.872G   0.01066    0.0485   0.04813         9       640    0.7998    0.6224    0.6877    0.2814    0.3342   0.01144   0.04532   0.04582
     39/49    0.872G    0.0106     0.048   0.04792         9       640    0.7921    0.6216    0.6843     0.278    0.3312    0.0115   0.04508   0.04589
     40/49    0.872G   0.01054   0.04737   0.04777         9       640    0.7913    0.6177    0.6863    0.2839    0.3333   0.01153   0.04477   0.04588
     41/49    0.872G   0.01038   0.04616   0.04729         9       640    0.8051    0.6133    0.6863    0.2834    0.3333   0.01154   0.04445   0.04576
     42/49    0.872G   0.01032   0.04564   0.04706         9       640    0.8095    0.6191    0.6864    0.2823    0.3321   0.01158    0.0444   0.04563
     43/49    0.872G   0.01025   0.04492   0.04683         9       640    0.8209    0.6184    0.6961    0.2918    0.3379   0.01147   0.04392   0.04541
     44/49    0.872G   0.01012   0.04423   0.04649         9       640    0.8197     0.623    0.6974    0.2821    0.3359   0.01149   0.04366    0.0454
     45/49    0.872G   0.01005   0.04369   0.04622         9       640     0.799    0.6322    0.6971    0.2838    0.3369   0.01144   0.04313   0.04545
     46/49    0.872G   0.01001   0.04332   0.04614         9       640    0.8203    0.6256    0.6962    0.2815    0.3355   0.01143   0.04301    0.0456
     47/49    0.872G  0.009904   0.04264   0.04578         9       640    0.8127    0.6235     0.698     0.287    0.3366   0.01149   0.04305   0.04553
     48/49    0.872G   0.00982   0.04179   0.04554         9       640    0.7976    0.6433    0.7031     0.293    0.3408   0.01148   0.04299   0.04557
     49/49    0.872G  0.009728   0.04111   0.04527         9       640    0.8357    0.6207    0.7046    0.2884    0.3408   0.01141   0.04254   0.04551
