      0/49    0.843G   0.01775   0.08841   0.08019         7       640    0.3881    0.3634    0.2981   0.01867   0.08774   0.01646   0.08861   0.06878
      1/49     1.48G   0.01492   0.07562   0.06866         9       640    0.5444    0.4029     0.406   0.03276     0.126    0.0152   0.07665    0.0617
      2/49     1.48G   0.01416   0.07145   0.06509         7       640    0.6372    0.4738    0.4926   0.06649    0.1669   0.01423   0.06273   0.05835
      3/49     1.48G   0.01358   0.06655   0.06308         6       640    0.6683    0.5334    0.5706    0.1377     0.229   0.01331   0.05597     0.055
      4/49     1.48G   0.01322     0.063    0.0616         7       640    0.7501    0.5285    0.5917    0.1629    0.2436   0.01305   0.05377   0.05511
      5/49     1.48G   0.01299   0.06155   0.06092         8       640    0.7243    0.5432    0.5965    0.1766    0.2566   0.01253   0.05358   0.05297
      6/49     1.48G   0.01281   0.06085   0.06006         2       640     0.767    0.5664    0.6114    0.1766    0.2583    0.0127    0.0503   0.05247
      7/49     1.48G   0.01254   0.05849   0.05893        10       640     0.762    0.5605    0.6115    0.1984     0.272   0.01246   0.05327   0.05253
      8/49     1.48G   0.01252   0.05802   0.05898        13       640    0.7588     0.572    0.6291    0.1975    0.2748   0.01228   0.04965   0.05165
      9/49     1.48G   0.01241   0.05718   0.05831         8       640    0.7577    0.5842    0.6406    0.2006    0.2736   0.01225   0.04934   0.05176
     10/49     1.48G   0.01218   0.05611   0.05786        14       640     0.759    0.5846    0.6487    0.1938    0.2727   0.01243    0.0484   0.05181
     11/49     1.48G   0.01213   0.05538   0.05765         8       640    0.7813    0.6023    0.6716    0.2305    0.3042   0.01178   0.04577   0.05003
     12/49     1.48G    0.0121   0.05499   0.05715        18       640    0.8041    0.6068    0.6799    0.2517    0.3148   0.01171   0.04516   0.04974
     13/49     1.48G   0.01201   0.05394   0.05675         9       640    0.8102    0.6069    0.6726     0.237    0.3025   0.01188    0.0456   0.05028
     14/49     1.48G   0.01182   0.05323   0.05621         6       640    0.7808    0.5944    0.6594     0.229    0.2982    0.0119    0.0468   0.04965
     15/49     1.48G   0.01171   0.05262   0.05582         6       640    0.8339    0.6268    0.7044    0.2751    0.3359   0.01116   0.04183   0.04828
     16/49     1.48G   0.01173   0.05219   0.05572         7       640    0.8235    0.6148    0.6813    0.2509    0.3197   0.01153   0.04403    0.0492
     17/49     1.48G   0.01168   0.05219   0.05559        10       640    0.8281    0.6175    0.6939    0.2667    0.3249    0.0112    0.0436   0.04824
     18/49     1.48G   0.01153   0.05143   0.05507         5       640    0.8219    0.6522    0.7213    0.2962    0.3471   0.01099   0.04142    0.0475
     19/49     1.48G   0.01146   0.05074   0.05478        11       640    0.8469    0.6429    0.7146    0.3133    0.3551   0.01106   0.04055   0.04738
     20/49     1.48G   0.01143   0.05086   0.05466        14       640    0.8342    0.6545    0.7242    0.2974    0.3528   0.01098   0.04022   0.04708
     21/49     1.48G   0.01135   0.04954   0.05465        10       640    0.8347    0.6456    0.7235    0.3188    0.3583   0.01074    0.0406   0.04651
     22/49     1.48G    0.0112   0.04901   0.05386         7       640    0.8318    0.6441    0.7214    0.3123    0.3574   0.01075    0.0405   0.04622
     23/49     1.48G   0.01122   0.04886   0.05352         8       640    0.8516    0.6554    0.7401    0.3419    0.3774   0.01052   0.03865   0.04611
     24/49     1.48G   0.01118   0.04858   0.05371        10       640    0.8419    0.6728    0.7465    0.3345    0.3742   0.01044   0.03785   0.04525
     25/49     1.48G   0.01097   0.04743   0.05306         6       640    0.8639    0.6695    0.7526    0.3486    0.3833   0.01039   0.03758   0.04525
     26/49     1.48G   0.01096   0.04696   0.05269         7       640    0.8537    0.6767    0.7546    0.3631    0.3924   0.01018   0.03707    0.0446
     27/49     1.48G   0.01084   0.04657   0.05245         9       640    0.8452    0.6784    0.7467     0.345     0.383   0.01017   0.03774   0.04455
     28/49     1.48G    0.0108   0.04633   0.05213        14       640     0.834    0.6912     0.756    0.3522    0.3853    0.0102   0.03655   0.04478
     29/49     1.48G   0.01077   0.04614   0.05202         7       640    0.8476    0.6859     0.761    0.3813    0.3994  0.009905   0.03634   0.04399
     30/49     1.48G   0.01068   0.04535   0.05177         9       640    0.8476    0.6948    0.7614    0.3643    0.3967   0.01001   0.03605   0.04413
     31/49     1.48G   0.01059   0.04467   0.05139         8       640    0.8606    0.6848    0.7637    0.3763    0.4023  0.009958   0.03528   0.04383
     34/49     1.48G   0.01041   0.04336   0.05063        12       640    0.8619    0.6905    0.7733    0.4041    0.4183  0.009581   0.03358   0.04273
     35/49     1.48G   0.01032   0.04285   0.05043         8       640    0.8477    0.7181    0.7805    0.3979     0.419  0.009601   0.03327   0.04261
     36/49     1.48G    0.0102    0.0418   0.05006         7       640    0.8554    0.7232    0.7879    0.3941    0.4175  0.009578   0.03335   0.04251
     37/49     1.48G   0.01019    0.0416   0.04993        15       640    0.8725    0.7128    0.7862    0.4086     0.428  0.009447   0.03303   0.04233
     38/49     1.48G   0.01011   0.04167   0.04973         9       640    0.8624    0.7221    0.7894    0.4164    0.4274  0.009491   0.03201   0.04222
     39/49     1.48G   0.01008   0.04087   0.04952         3       640    0.8596    0.7383    0.7994    0.4278    0.4381  0.009277   0.03167   0.04169
     40/49     1.48G  0.009946   0.04046   0.04919         8       640     0.889    0.7228    0.8009    0.4266    0.4387  0.009198   0.03149   0.04156
     41/49     1.48G  0.009964   0.04034   0.04928         5       640    0.8808    0.7297    0.7991    0.4297    0.4371  0.009202     0.031   0.04154
     42/49     1.48G  0.009825   0.03971   0.04878         5       640    0.8801    0.7346     0.803    0.4333    0.4406  0.009157    0.0306   0.04145
     43/49     1.48G  0.009771   0.03956   0.04848         7       640    0.8743    0.7441    0.8074     0.436    0.4459  0.009109   0.03044   0.04119
     44/49     1.48G  0.009723   0.03909   0.04847         4       640    0.8901    0.7376    0.8072     0.447    0.4498  0.008966   0.03026   0.04077
     45/49     1.48G  0.009725    0.0389   0.04835         6       640    0.8862    0.7375    0.8096    0.4423    0.4508  0.009009   0.03008   0.04078
     46/49     1.48G  0.009665   0.03838   0.04793        11       640    0.8765    0.7516    0.8149    0.4492    0.4548   0.00887   0.02964   0.04048
     47/49     1.48G  0.009571   0.03811   0.04773        10       640    0.8945    0.7411     0.817    0.4532    0.4564  0.008874   0.02956   0.04049
     48/49     1.48G  0.009643   0.03846   0.04806        17       640    0.8884    0.7411    0.8167     0.461    0.4605  0.008835   0.02918   0.04029
     49/49     1.48G  0.009604     0.038   0.04802        11       640    0.8866    0.7488    0.8183     0.455    0.4573  0.008881    0.0291   0.04059
